id,num,fib,sq,tri
1,1,1,1,1
2,2,1,4,3
3,3,2,9,6
4,4,3,16,10
5,5,5,25,15
6,6,8,36,21
7,7,13,49,28
8,8,21,64,36
9,9,34,81,45
10,10,55,100,55